00110100000010000000000000000010
00100000000010010000000001100000
10101101001010000010000000000000
00100001001010011111111111111100
00010001001000000000000000000100 
00000001000010000100000000100001
00000000000010000100000000100010
00100001000010001111111111111101
00010000000000001111111111111001 
00100000000010000010000001110000
00100000000010100010000001100000
00100000000010010010000000000000
00100000000011100000000000000101
10001101001010110000000000000000
00100001001010010000000000000100
10001101001011000000000000000000
00000001100010110110100000101010
00010001101000000000000000000001 
00000000000011000101100000100001
00100001110011101111111111111111
00010101110000001111111111111001 
10101101000010110000000000000000
00100001000010000000000000000100
00000001001010100110100000101010
00010101101000001111111111110011 
